wll-11. ΜΛ.

1111111111 11111111 1111111 11111111,

Comperit 1111111111 1111111111 1111- 111111. ·

11111 enin 1111111 1111, 111 1111111111 11111
111111 1111111111 1111111111 11111111 11111. . .

1. (11.13.1’4. 111111, 1131.)
11. 11.13.14.11111111111111 11111,111111 11 1111111111. 111111.

1111111. 1111 1111111111,11111 111111 11 1111111 311111. 11111
1111111111 1111, 111111 1111111111 111111 1111111111 flooring. .

[11111111111111111111311111111 emec.- -111111] 111111 11111111111
1111.,11111111 111111 1111111 11111111 1111111111 111 Euryalum,
nomnium 11131111 1111111111 111 11111111,1111111 111111111111-
M 1111111111 norton meno· 11111, 11111 1111 111111 1111. -
· 1111 111111111111. etr. 01. 3, 3, (1111111111 11111111111111111111111,
11- 11111111 111 1111111 1111111] 1111111111,111111111111111111111
1111 hominium· 1111141111 1. 1111 morto 1111, ,111 1111111111
11111111111111,1111.1111111111,1 um, 111111111111. 111111. ’3, 1111
1111111111 Mun (Vmo 1.. 1.. 1111111111 μυριοστὸν ἔτος ὄντας
1,3.1.113,111111.111111111111,111111 111111 1111 1111111111ςῆ 11·
1111111111 111 11111111 mli 1111111111. 3111111111 1111111 1131111. - 111-
’1-11. 111111--1111111,111111- 11111111 11111] 111111 111111 1111111111
111811111111111111111 11111111 1111111111 1111111111. 11111.’15,
11111 1111111111111111111 111111. 111111111111111111111111111111111
munt· 111111111111111111 1111111.111111111,11111111111··
111111 111111111111111111111111,11· 111 1111. - 11111] 1811111111
1111111111 11 nou 1111111111 1111 11111 111 111111 aequales, 111 11-
11 ingnio-mu anino· 111. -» 1111111111 11111111111111111111 11111
1111111 111111 1111111111111111111 ,1111111111 1111111111111 11 111-
11111 1111111 11111111 1111111, 1111111111111111111111111111
baim-m 111111, 1111111111 ingenti 11111111111111111111ς1
11111111 1111111111 11111111, 111111 111111 ergo 1111111111, 1111111111
1111111111111111111111111111111111- 111,- 1111111111 1111111111111111
§ostien 11111111111111111111, 111 111111111111111111111111111111111-
11111111 lunum 1111111111, 111111 111, 1111111111 1111111 nudor*-
11111111111131111111111111111111 1111111111, 11311. 3, 3, 73. 1111111.
1111.11111.1,3.1111111111-11,35.01111111111111ς1111ια
111111111111 1111111111111111111 11113111311131111111111111]11·δ
11111 11111111 1111111 1111111111 11111111111111111111111111111111111,
1111111111»»1111111111111111111 111111,111111 11 111111111111111,
11111111 111111 111111 11111111 1111.11111111111111111111111,11111111
111-14. 1111111111] 1111111111 11111111 11111111111111111 1111111
111 (51111111 1111 1111111111 summus 11111 experientissimus
111111. 1111111. 3, 5, 3. 111· 11111111- -11111111111]1111 1111»
11111111111111111111111111 111· 1111111111111111111.Δ

1111111131

 

